4 9 0.00022 1.00000
  0   0   0   0   0   0   0   0   0   0   0   0   0   0   0   0   0   0   0   0   0   0   0   0   0   0   0   0   0   0 
  0  16  35  45  45  35  16   0   0   0   0   0   0   0   0   0   0   0   0   0   0   0   0   0   0   0   0   0   0   0 
 25  55  78  91  91  78  55  25   0   0   0   0   0   0   0   0   0   0   0   0   0   0   0   0   0   0   0   0   0   0 
 55  91 119 136 136 119  91  55   0   0   0   0   0   0   0   0   0   0   0   0   0   0   0   0   0   0   0   0   0   0 
 78 119 156 181 181 156 119  78   0   0   0   0   0   0   0   0   0   0   0   0   0   0   0   0   0   0   0   0   0   0 
 91 136 181 222 222 181 136  91   0   0   0   0   0   0   0   0   0   0   0   0   0   0   0   0   0   0   0   0   0   0 
 91 136 181 222 222 181 136  91   0   0   0   0   0   0   0   0   0   0   0   0   0   0   0   0   0   0   0   0   0   0 
 78 119 156 181 181 156 119  78   0   0   0   0   0   0   0   0   0   0   0   0   0   0   0   0   0   0   0   0   0   0 
 55  91 119 136 136 119  91  55   0   0   0   0   0   0   0   0   0   0   0   0   0   0   0   0   0   0   0   0   0   0 
 25  55  78  91   R  78  55  25   0   0   0   0   0   0   0 255 255 255 255 255 255 255 255 255 255   0   0   0   0   0 
  0  16  35  45   *  35  16   0   0   0   0   0   0   0   0 255 255 255 255 255 255 255 255 255 255   0   0   0   0   0 
  0   0   0   0   0   0   0   0   0   0   0   0   0   0   0 255 255 255 255 255 255 255 255 255 255   0   0   0   0   0 
  0   0   0   0   0   *   0   0   0   0   0   0 255 255 255 255 255 255 255 255 255 255 255 255 255   0   0   0   0   0 
  0   0   0   0   0   0   *   0   0   0   0   0 255 255 255 255 255 255 255 255 255 255 255 255 255   0   0   0   0   0 
  0   0   0   0   0   0   0   *   0   0   0   0 255 255 255 255 255 255 255 255 255 255 255 255 255   0   0   0   0   0 
  0   0   0   0   0   0   0   0   *   0   0   0   0   0   0 255 255 255 255 255 255 255 255 255 255   0   0   0   0   0 
  0   0   0   0   0   0   0   0   0   *   0   0   0   0   0 255 255 255 255 255 255 255 255 255 255   0   0   0   0   0 
  0   0   0   0   0   0   0   0   0   0   0   0   0   0   0 255 255 255 255 255 255 255 255 255 255   0   0   0   0   0 
  0   0   0   0   0   0   0   0   0   0   *   0   0   0   0 255 255 255 255 255 255 255 255 255 255   0   0   0   0   0 
  0   0   0   0   0   0   0   0   0   0   0   0   0   0   0   0   0   0   0   0   0   0   0   0   0   0   0   0   0   0 
  0   0   0   0   0   0   0   0   0   0   0   *   0   0   0   0   0   0   0   0   0   0   0   0   0   0   0   0   0   0 
  0   0   0   0   0   0   0   0   0   0   0   0   0   0   0   0   0 255 255 255 255 255 255 255 255 255 255 255 255 255 
  0   0   0   0   0   0   0   0   0 255 255 255   *   0   0   0   0 255 255 255 255 255 255 255 255 255 255 255 255 255 
  0   0   0   0   0   0   0   0   0 255 255 255   *   0   0   0   0 255 255 255 255 255 255 255 255 255 255 255 255 255 
  0   0   0   0   0   0   0   0   0 255 255 255   *   0   0   0   0 255 255 255 255 255 255 255 255 255 255 255 255 255 
  0   0   0   0   0   0   0   0   0   0   0   0   *   0   0   0   0 255 255 255 255 255 255 255 255 255 255 255 255 255 
  0   0   0   0   0   0   0   0   0   0   0   0   0   0   0   0   0 255 255 255 255 255 255 255 255 255 255 255 255 255 
  0   0   0   0   0   0   0   0   0   0   0   0   0   *   0   0   0 255 255 255 255 255 255 255 255 255 255 255 255 255 
  0   0   0   0   0   0   0   0   0   0   0   0   0   0   0   0   0 255 255 255 255 255 255 255 255 255 255 255 255 255 
  0   0   0   0   0   0   0   0   0   0   0   0   0   0   G   0   0 255 255 255 255 255 255 255 255 255 255 255 255 255 
stats: plantimes over 1 secs=0; over 0.5; secs=0; over 0.1 secs=0; over 0.05 secs=0; below 0.05 secs=40; solution size=1
4 9 0.00018 1.00000
  0   0   0   0   0   0   0   0   0   0   0   0   0   0   0   0   0   0   0   0   0   0   0   0   0   0   0   0   0   0 
  0  16  35  45  45  35  16   0   0   0   0   0   0   0   0   0   0   0   0   0   0   0   0   0   0   0   0   0   0   0 
 25  55  78  91  91  78  55  25   0   0   0   0   0   0   0   0   0   0   0   0   0   0   0   0   0   0   0   0   0   0 
 55  91 119 136 136 119  91  55   0   0   0   0   0   0   0   0   0   0   0   0   0   0   0   0   0   0   0   0   0   0 
 78 119 156 181 181 156 119  78   0   0   0   0   0   0   0   0   0   0   0   0   0   0   0   0   0   0   0   0   0   0 
 91 136 181 222 222 181 136  91   0   0   0   0   0   0   0   0   0   0   0   0   0   0   0   0   0   0   0   0   0   0 
 91 136 181 222 222 181 136  91   0   0   0   0   0   0   0   0   0   0   0   0   0   0   0   0   0   0   0   0   0   0 
 78 119 156 181 181 156 119  78   0   0   0   0   0   0   0   0   0   0   0   0   0   0   0   0   0   0   0   0   0   0 
 55  91 119 136 136 119  91  55   0   0   0   0   0   0   0   0   0   0   0   0   0   0   0   0   0   0   0   0   0   0 
 25  55  78  91   R  78  55  25   0   0   0   0   0   0   0 255 255 255 255 255 255 255 255 255 255   0   0   0   0   0 
  0  16  35  45   *  35  16   0   0   0   0   0   0   0   0 255 255 255 255 255 255 255 255 255 255   0   0   0   0   0 
  0   0   0   0   0   0   0   0   0   0   0   0   0   0   0 255 255 255 255 255 255 255 255 255 255   0   0   0   0   0 
  0   0   0   0   0   *   0   0   0   0   0   0 255 255 255 255 255 255 255 255 255 255 255 255 255   0   0   0   0   0 
  0   0   0   0   0   0   *   0   0   0   0   0 255 255 255 255 255 255 255 255 255 255 255 255 255   0   0   0   0   0 
  0   0   0   0   0   0   0   *   0   0   0   0 255 255 255 255 255 255 255 255 255 255 255 255 255   0   0   0   0   0 
  0   0   0   0   0   0   0   0   *   0   0   0   0   0   0 255 255 255 255 255 255 255 255 255 255   0   0   0   0   0 
  0   0   0   0   0   0   0   0   0   *   0   0   0   0   0 255 255 255 255 255 255 255 255 255 255   0   0   0   0   0 
  0   0   0   0   0   0   0   0   0   0   0   0   0   0   0 255 255 255 255 255 255 255 255 255 255   0   0   0   0   0 
  0   0   0   0   0   0   0   0   0   0   *   0   0   0   0 255 255 255 255 255 255 255 255 255 255   0   0   0   0   0 
  0   0   0   0   0   0   0   0   0   0   0   0   0   0   0   0   0   0   0   0   0   0   0   0   0   0   0   0   0   0 
  0   0   0   0   0   0   0   0   0   0   0   *   0   0   0   0   0   0   0   0   0   0   0   0   0   0   0   0   0   0 
  0   0   0   0   0   0   0   0   0   0   0   0   0   0   0   0   0 255 255 255 255 255 255 255 255 255 255 255 255 255 
  0   0   0   0   0   0   0   0   0 255 255 255   *   0   0   0   0 255 255 255 255 255 255 255 255 255 255 255 255 255 
  0   0   0   0   0   0   0   0   0 255 255 255   *   0   0   0   0 255 255 255 255 255 255 255 255 255 255 255 255 255 
  0   0   0   0   0   0   0   0   0 255 255 255   *   0   0   0   0 255 255 255 255 255 255 255 255 255 255 255 255 255 
  0   0   0   0   0   0   0   0   0   0   0   0   *   0   0   0   0 255 255 255 255 255 255 255 255 255 255 255 255 255 
  0   0   0   0   0   0   0   0   0   0   0   0   0   0   0   0   0 255 255 255 255 255 255 255 255 255 255 255 255 255 
  0   0   0   0   0   0   0   0   0   0   0   0   0   *   0   0   0 255 255 255 255 255 255 255 255 255 255 255 255 255 
  0   0   0   0   0   0   0   0   0   0   0   0   0   0   0   0   0 255 255 255 255 255 255 255 255 255 255 255 255 255 
  0   0   0   0   0   0   0   0   0   0   0   0   0   0   G   0   0 255 255 255 255 255 255 255 255 255 255 255 255 255 
stats: plantimes over 1 secs=0; over 0.5; secs=0; over 0.1 secs=0; over 0.05 secs=0; below 0.05 secs=41; solution size=1
4 9 0.00220 1.00000
  0   0   0   0   0   0   0   0   0   0   0   0   0   0   0   0   0   0   0   0   0   0   0   0   0   0   0   0   0   0 
  0  16  35  45  45  35  16   0   0   0   0   0   0   0   0   0   0   0   0   0   0   0   0   0   0   0   0   0   0   0 
 25  55  78  91  91  78  55  25   0   0   0   0   0   0   0   0   0   0   0   0   0   0   0   0   0   0   0   0   0   0 
 55  91 119 136 136 119  91  55   0   0   0   0   0   0   0   0   0   0   0   0   0   0   0   0   0   0   0   0   0   0 
 78 119 156 181 181 156 119  78   0   0   0   0   0   0   0   0   0   0   0   0   0   0   0   0   0   0   0   0   0   0 
 91 136 181 222 222 181 136  91   0   0   0   0   0   0   0   0   0   0   0   0   0   0   0   0   0   0   0   0   0   0 
 91 136 181 222 222 181 136  91   0   0   0   0   0   0   0   0   0   0   0   0   0   0   0   0   0   0   0   0   0   0 
 78 119 156 181 181 156 119  78   0   0   0   0   0   0   0   0   0   0   0   0   0   0   0   0   0   0   0   0   0   0 
 55  91 119 136 136 119  91  55   0   0   0   0   0   0   0 255 255 255 255 255 255 255 255 255 255   0   0   0   0   0 
 25  55  78  91   R  78  55  25   0   0   0   0   0   0 255 255 255 255 255 255 255 255 255 255 255 255   0   0   0   0 
  0  16  35  45   *  35  16   0   0   0   0   0   0   0 255 255 255 255 255 255 255 255 255 255 255 255   0   0   0   0 
  0   0   0   0   0   0   0   0   0   0   0   0 255 255 255 255 255 255 255 255 255 255 255 255 255 255   0   0   0   0 
  0   0   0   0   0   *   0   0   0   0   0 255 255 255 255 255 255 255 255 255 255 255 255 255 255 255   0   0   0   0 
  0   0   0   0   0   0   *   0   0   0   0 255 255 255 255 255 255 255 255 255 255 255 255 255 255 255   0   0   0   0 
  0   0   0   0   0   0   0   *   0   0   0 255 255 255 255 255 255 255 255 255 255 255 255 255 255 255   0   0   0   0 
  0   0   0   0   0   0   0   0   *   0   0   0 255 255 255 255 255 255 255 255 255 255 255 255 255 255   0   0   0   0 
  0   0   0   0   0   0   0   0   0   *   0   0   0   0 255 255 255 255 255 255 255 255 255 255 255 255   0   0   0   0 
  0   0   0   0   0   0   0   0   0   0   0   0   0   0 255 255 255 255 255 255 255 255 255 255 255 255   0   0   0   0 
  0   0   0   0   0   0   0   0   0   0   *   0   0   0 255 255 255 255 255 255 255 255 255 255 255 255   0   0   0   0 
  0   0   0   0   0   0   0   0   0   0   0   *   0   0   0 255 255 255 255 255 255 255 255 255 255   0   0   0   0   0 
  0   0   0   0   0   0   0   0   0   0   0   0   *   0   0   0   0 255 255 255 255 255 255 255 255 255 255 255 255 255 
  0   0   0   0   0   0   0   0   0 255 255 255   0   0   0   0 255 255 255 255 255 255 255 255 255 255 255 255 255 255 
  0   0   0   0   0   0   0   0 255 255 255 255 255   *   0   0 255 255 255 255 255 255 255 255 255 255 255 255 255 255 
  0   0   0   0   0   0   0   0 255 255 255 255 255   *   0   0 255 255 255 255 255 255 255 255 255 255 255 255 255 255 
  0   0   0   0   0   0   0   0 255 255 255 255 255   *   0   0 255 255 255 255 255 255 255 255 255 255 255 255 255 255 
  0   0   0   0   0   0   0   0   0 255 255 255   0   *   0   0 255 255 255 255 255 255 255 255 255 255 255 255 255 255 
  0   0   0   0   0   0   0   0   0   0   0   0   0   *   0   0 255 255 255 255 255 255 255 255 255 255 255 255 255 255 
  0   0   0   0   0   0   0   0   0   0   0   0   0   *   0   0 255 255 255 255 255 255 255 255 255 255 255 255 255 255 
  0   0   0   0   0   0   0   0   0   0   0   0   0   0   0   0 255 255 255 255 255 255 255 255 255 255 255 255 255 255 
  0   0   0   0   0   0   0   0   0   0   0   0   0   0   G   0 255 255 255 255 255 255 255 255 255 255 255 255 255 255 
stats: plantimes over 1 secs=0; over 0.5; secs=0; over 0.1 secs=0; over 0.05 secs=0; below 0.05 secs=42; solution size=1
4 9 0.00312 1.00000
  0   0   0   0   0   0   0   0   0   0   0   0   0   0   0   0   0   0   0   0   0   0   0   0   0   0   0   0   0   0 
  0  16  35  45  45  35  16   0   0   0   0   0   0   0   0   0   0   0   0   0   0   0   0   0   0   0   0   0   0   0 
 25  55  78  91  91  78  55  25   0   0   0   0   0   0   0   0   0   0   0   0   0   0   0   0   0   0   0   0   0   0 
 55  91 119 136 136 119  91  55   0   0   0   0   0   0   0   0   0   0   0   0   0   0   0   0   0   0   0   0   0   0 
 78 119 156 181 181 156 119  78   0   0   0   0   0   0   0   0   0   0   0   0   0   0   0   0   0   0   0   0   0   0 
 91 136 181 222 222 181 136  91   0   0   0   0   0   0   0   0   0   0   0   0   0   0   0   0   0   0   0   0   0   0 
 91 136 181 222 222 181 136  91   0   0   *   0   0   0   0   0   0   0   0   0   0   0   0   0   0   0   0   0   0   0 
 78 119 156 181 181 156 119  78   0   0   *   0   0   0   0   0   0   0   0   0   0   0   0   0   0   0   0   0   0   0 
 55  91 119 136 136 119  91  55   0   0   *   0   0   0   0 255 255 255 255 255 255 255 255 255 255   0   0   0   0   0 
 25  55  78  91   R  78  55  25   0   0   *   0   0   0 255 255 255 255 255 255 255 255 255 255 255 255   0   0   0   0 
  0  16  35  45  45  35  16   0   0   0   *   0   0   0 255 255 255 255 255 255 255 255 255 255 255 255   0   0   0   0 
  0   0   0   0   0   0   0   0   0   0   *   0 255 255 255 255 255 255 255 255 255 255 255 255 255 255   0   0   0   0 
  0   0   0   0   0   0   0   0   0   0   * 255 255 255 255 255 255 255 255 255 255 255 255 255 255 255   0   0   0   0 
  0   0   0   0   0   0   0   0   0   0   * 255 255 255 255 255 255 255 255 255 255 255 255 255 255 255   0   0   0   0 
  0   0   0   0   0   0   0   0   0   0   * 255 255 255 255 255 255 255 255 255 255 255 255 255 255 255   0   0   0   0 
  0   0   0   0   0   0   0   0   0   0   0   0 255 255 255 255 255 255 255 255 255 255 255 255 255 255   0   0   0   0 
  0   0   0   0   0   0   0   0   0   0   0   *   0   0 255 255 255 255 255 255 255 255 255 255 255 255   0   0   0   0 
  0   0   0   0   0   0   0   0   0   0   0   0   0   0 255 255 255 255 255 255 255 255 255 255 255 255   0   0   0   0 
  0   0   0   0   0   0   0   0   0   0   0   0   *   0 255 255 255 255 255 255 255 255 255 255 255 255   0   0   0   0 
  0   0   0   0   0   0   0   0   0   0   0   0   0   0   0 255 255 255 255 255 255 255 255 255 255   0   0   0   0   0 
  0   0   0   0   0   0   0   0   0   0   0   0   0   *   0   0   0 255 255 255 255 255 255 255 255 255 255 255 255 255 
  0   0   0   0   0   0   0   0   0 255 255 255   0   0   0   0 255 255 255 255 255 255 255 255 255 255 255 255 255 255 
  0   0   0   0   0   0   0   0 255 255 255 255 255   0   *   0 255 255 255 255 255 255 255 255 255 255 255 255 255 255 
  0   0   0   0   0   0   0   0 255 255 255 255 255   0   *   0 255 255 255 255 255 255 255 255 255 255 255 255 255 255 
  0   0   0   0   0   0   0   0 255 255 255 255 255   0   *   0 255 255 255 255 255 255 255 255 255 255 255 255 255 255 
  0   0   0   0   0   0   0   0   0 255 255 255   0   0   *   0 255 255 255 255 255 255 255 255 255 255 255 255 255 255 
  0   0   0   0   0   0   0   0   0   0   0   0   0   0   *   0 255 255 255 255 255 255 255 255 255 255 255 255 255 255 
  0   0   0   0   0   0   0   0   0   0   0   0   0   0   *   0 255 255 255 255 255 255 255 255 255 255 255 255 255 255 
  0   0   0   0   0   0   0   0   0   0   0   0   0   0   *   0 255 255 255 255 255 255 255 255 255 255 255 255 255 255 
  0   0   0   0   0   0   0   0   0   0   0   0   0   0   G   0 255 255 255 255 255 255 255 255 255 255 255 255 255 255 
stats: plantimes over 1 secs=0; over 0.5; secs=0; over 0.1 secs=0; over 0.05 secs=0; below 0.05 secs=1; solution size=1
4 9 0.00101 1.00000
  0   0   0   0   0   0   0   0   0   0   0   0   0   0   0   0   0   0   0   0   0   0   0   0   0   0   0   0   0   0 
  0  16  35  45  45  35  16   0   0   0   0   0   0   0   0   0   0   0   0   0   0   0   0   0   0   0   0   0   0   0 
 25  55  78  91  91  78  55  25   0   0   0   0   0   0   0   0   0   0   0   0   0   0   0   0   0   0   0   0   0   0 
 55  91 119 136 136 119  91  55   0   0   0   0   0   0   0   0   0   0   0   0   0   0   0   0   0   0   0   0   0   0 
 78 119 156 181 181 156 119  78   0   0   0   0   0   0   0   0   0   0   0   0   0   0   0   0   0   0   0   0   0   0 
 91 136 181 222 222 181 136  91   0   0   0   0   0   0   0   0   0   0   0   0   0   0   0   0   0   0   0   0   0   0 
 91 136 181 222 222 181 136  91   0   0   0   0   0   0   0   0   0   0   0   0   0   0   0   0   0   0   0   0   0   0 
 78 119 156 181 181 156 119  78   0   0   0   0   0   0   0   0   0   0   0   0   0   0   0   0   0   0   0   0   0   0 
 55  91 119 136 136 119  91  55   0   0   0   0   0   0   0 255 255 255 255 255 255 255 255 255 255   0   0   0   0   0 
 25  55  78  91   R  78  55  25   0   0   0   0   0   0 255 255 255 255 255 255 255 255 255 255 255 255   0   0   0   0 
  0  16  35  45   *  35  16   0   0   0   0   0   0   0 255 255 255 255 255 255 255 255 255 255 255 255   0   0   0   0 
  0   0   0   0   0   0   0   0   0   0   0   0 255 255 255 255 255 255 255 255 255 255 255 255 255 255   0   0   0   0 
  0   0   0   0   0   *   0   0   0   0   0 255 255 255 255 255 255 255 255 255 255 255 255 255 255 255   0   0   0   0 
  0   0   0   0   0   0   *   0   0   0   0 255 255 255 255 255 255 255 255 255 255 255 255 255 255 255   0   0   0   0 
  0   0   0   0   0   0   0   *   0   0   0 255 255 255 255 255 255 255 255 255 255 255 255 255 255 255   0   0   0   0 
  0   0   0   0   0   0   0   0   *   0   0   0 255 255 255 255 255 255 255 255 255 255 255 255 255 255   0   0   0   0 
  0   0   0   0   0   0   0   0   0   *   0   0   0   0 255 255 255 255 255 255 255 255 255 255 255 255   0   0   0   0 
  0   0   0   0   0   0   0   0   0   0   *   0   0   0 255 255 255 255 255 255 255 255 255 255 255 255   0   0   0   0 
  0   0   0   0   0   0   0   0   0   0   0   *   0   0 255 255 255 255 255 255 255 255 255 255 255 255   0   0   0   0 
  0   0   0   0   0   0   0   0   0   0   0   0   0   0   0 255 255 255 255 255 255 255 255 255 255   0   0   0   0   0 
  0   0   0   0   0   0   0   0   0   0   0   0   *   0   0   0   0 255 255 255 255 255 255 255 255 255 255 255 255 255 
  0   0   0   0   0   0   0   0   0 255 255 255   0   0   0   0 255 255 255 255 255 255 255 255 255 255 255 255 255 255 
  0   0   0   0   0   0   0   0 255 255 255 255 255   *   0   0 255 255 255 255 255 255 255 255 255 255 255 255 255 255 
  0   0   0   0   0   0   0   0 255 255 255 255 255   0   0   0 255 255 255 255 255 255 255 255 255 255 255 255 255 255 
  0   0   0   0   0   0   0   0 255 255 255 255 255   0   *   0 255 255 255 255 255 255 255 255 255 255 255 255 255 255 
  0   0   0   0   0   0   0   0   0 255 255 255   0   0   *   0 255 255 255 255 255 255 255 255 255 255 255 255 255 255 
  0   0   0   0   0   0   0   0   0   0   0   0   0   0   *   0 255 255 255 255 255 255 255 255 255 255 255 255 255 255 
  0   0   0   0   0   0   0   0   0   0   0   0   0   0   *   0 255 255 255 255 255 255 255 255 255 255 255 255 255 255 
  0   0   0   0   0   0   0   0   0   0   0   0   0   0   *   0 255 255 255 255 255 255 255 255 255 255 255 255 255 255 
  0   0   0   0   0   0   0   0   0   0   0   0   0   0   G   0 255 255 255 255 255 255 255 255 255 255 255 255 255 255 
stats: plantimes over 1 secs=0; over 0.5; secs=0; over 0.1 secs=0; over 0.05 secs=0; below 0.05 secs=2; solution size=1
